23.7
23.7
23.7
23.8
23.8
23.8
23.8
23.8
23.3
23.1
23.1
23.0
23.0
22.9
22.8
22.8
22.7
22.6
22.3
22.2
22.2
22.2
22.2
22.2
22.2
22.2
22.2
22.2
22.2
22.2
22.2
22.2
22.2
22.2
22.2
22.1
22.2
22.1
22.1
22.1
22.1
22.1
22.1
22.1
22.1
22.1
22.1
22.1
22.1
22.1
22.1
22.1
22.1
22.1
22.1
22.1
22.1
22.1
22.1
22.1
22.1
22.1
22.1
22.1
22.1
22.1
22.1
22.1
22.1
22.1
22.1
22.1
22.1
22.1
22.1
22.1
22.1
22.0
22.0
22.0
22.0
22.0
22.0
22.0
22.0
22.0
22.0
22.0
22.0
21.9
21.9
21.9
20.0
20.0
20.0
20.0
20.0
20.0
20.0
20.0
20.0
20.6
20.6
20.6
20.5
20.5
20.5
20.4
20.4
20.3
20.3
20.3
20.3
20.3
20.9
21.1
21.1
21.3
21.3
21.3
21.2
21.2
21.2
21.1
21.1
21.0
20.9
20.8
20.7
20.7
20.4
20.4
20.4
20.4
20.4
20.3
20.3
20.3
20.3
20.2
20.2
20.2
20.1
20.1
20.1
20.1
20.1
20.1
20.1
20.1
20.1
20.1
20.1
20.1
20.1
20.1
20.0
20.0
20.0
20.0
20.0
20.0
20.0
20.0
20.0
20.0
20.0
19.9
19.9
19.9
20.0
20.0
19.9
19.9
19.9
19.9
19.9
19.9
19.9
19.9

