1.04
1.04
1.06
1.04
1.04
1.04
1.04
1.04
1.94
1.94
1.54
1.34
1.74
1.94
64.38
65.02
65.86
66.28
65.22
65.44
66.48
66.06
65.64
65.86
66.28
66.06
66.28
66.28
66.48
64.6
65.02
65.22
65.22
65.44
65.02
65.22
65.44
65.22
65.22
65.44
64.18
63.98
63.98
63.76
63.76
63.76
63.98
63.98
78.7
79.42
79.18
79.92
79.42
81.14
81.14
80.64
80.88
81.14
80.88
80.4
80.64
80.4
79.92
79.68
80.16001
80.16001
79.92
80.16001
80.16001
80.4
80.16001
79.92
80.16001
81.86
81.86
81.86
81.86
81.86
81.86
81.86
81.86
24.72
25.44
25.44
25.44
81.86
81.86
81.86
1.1
1.1
1.1
1.1
1.1
1.1
1.1
1.1
1.1
13.28
13.42
13.38
13.46
13.24
13.38
13.32
13.38
13.42
13.38
13.42
13.42
13.42
81.86
81.86
81.86
11.34
11.42
11.42
11.38
11.42
11.42
11.42
11.42
11.42
11.46
11.38
11.46
11.42
11.66
11.78
11.74
11.74
11.74
11.78
11.8
11.8
11.8
11.78
11.8
11.74
14.4
14.74
14.88
14.94
14.88
14.88
14.8
14.94
14.8
14.88
14.8
15.08
15.02
15.16
15.08
15.08
15.02
14.88
16.02
16.1
16.18
16.1
16.18
16.1
16.02
16.1
16.24
16.1
16.18
16.1
16.24
16.24
16.1
16.24
16.1
16.1
16.24
16.1

